23072
340273
4222
8913
5080
6401
695
2326
81551
92745
1591
9172
5874
7038
153
6098
608
3604
55040
55359
10077
8537
1117
4129
27071
2213
5743
6620
7294
2329
8530
1906
9452
11262
2920
79570
5243
1071
5744
57091
6820
58484
5172
84502
90665
1299
54209
83795
3594
1943
5008
3957
164668
9402
4689
51676
11255
79444
551
1137
93144
140711
57144
51311
91851
8406
959
56062
84935
10232
869
366
171177
5157
312
8797
10859
11024
10148
56961
973
4818
7087
946
3780
1311
6424
26157
5730
253738
1411
7473
443
5023
6347
6355
6442
11199
116449
683
56253
2348
9976
51411
3458
6489
84830
7164
2740
653
221662
79865
8876
1235
135138
2690
3702
942
79825
6364
7781
10578
9173
8809
8942
50489
26232
914
962
1380
356
7292
6543
4033
9465
10981
159686
80177
8995
89866
54937
9496
941
729230
57413
54900
9956
100505741
1959
84329
5153
5354
722
725
140686
343578
128611
81030
54210
401265
51299
6372
2892
4821
24141
8858
10870
5858
59353
6003
2791
29802
3976
3872
482
23639
27180
11035
79948
55908
1264
2657
113730
5638
10288
10882
3620
117248
145447
4148
84824
10267
10117
55065
222
5145
1118
8900
79589
84106
284904
84332
10894
79820
27299
4064
2949
26191
4613
23418
3559
79746
3824
3821
5630
23017
8676
7006
2016
100533111
9290
5077
80704
5100
3569
84073
1101
64108
57471
3586
2572
1318
9568
4010
90865
6366
84000
834
6496
9023
6775
59067
22915
306
1950
10219
196500
1280
374462
121643
8477
123041
2252
3067
8128
6457
6518
127294
8547
1580
6258
81607
83416
6279
5313
130497
11249
1745
339896
152404
8856
9718
10699
201780
285533
84249
51557
256380
84870
6581
7712
347517
84636
3561
158763
9046
56169
9536
653567
6001
7762
2206
140894
64405
1489
2209
161835
7069
27287
23704
57105
9050
167555
1834
118932
55024
10225
146556
9955
10750
147463
2838
284
157739
64092
11326
10563
8817
80201
931
6750
491
7079
261729
415
3772
338323
911
1358
653361
93979
2207
23562
64843
221188
6285
7757
1234
60680
164592
114132
117283
163747
10630
114548
114836
127943
11009
92291
4760
554226
6280
127579
56203
285025
54738
8320
2921
2919
57047
1359
116441
79442
28999
200879
285231
79012
55314
202151
7098
221833
4982
81501
654817
474354
2706
63876
58157
143379
112937
55530
79156
4004
1381
26253
6866
150365
124872
2793
64127
124460
282763
94235
83547
5345
10871
116071
5368
3761
84684
11280
399
6440
375704
254778
3627
154
1043
9022
2848
1470
2018
1469
51237
3171
284076
341276
8419
5314
3037
90161
2358
2357
160065
255631
59350
23440
4807
4815
131578
926
285335
54221
387357
29942
26579
10800
165631
79625
4973
2829
56667
7634
283446
266743
685
2015
171389
1674
89792
143630
50613
5029
145270
202309
135886
379
163259
257101
150350
222171
2788
80122
284424
56892
89766
100129540
3766
340152
146547
940
389336
124599
127707
168537
7681
91523
220202
144809
644997
127003
10331
1237
100132116
100128413
347088
200150
146802
644548
728175
80045
124842
390067
342850
7262
151477
201633
339221
286530
8633
284359
389692
222487
64478
338773
646892
29933
8302
2825
150209
7113
3768
124783
400746
57121
55911
8590
255275
284186
399947
339366
100130717
283897
286183
496
146722
66002
55693
2558
342510
4674
1187
758
399823
2301
7293
348303
129293
8784
353514
643236
347454
164118
388512
285386
1180
123745
338755
5535
6402
348645
345630
169355
26254
1269
257313
347
345062
219348
400581
389558
57402
165186
400745
12
8644
389376
731220
4312
55532
51284
100287569
84941
219623
2996
400823
3004
1803
80380
100418881
100996571
282890
1438
9358
117157
23237
374877
9182
919
2913
56670
1066
916
134548
100873860
100128531
101928716
574432
388743
340543
29935
170371
5540
10665
389058
199
3135
554235
646019
147920
100506736
339453
441054
3426
100128946
645432
3822
3823
93978
645426
28947
28950
28907
28906
28876
28772
28822
28781
28823
28776
28825
28826
28791
28793
28813
28796
28797
28814
28815
28816
28804
3537
28834
6977
6976
28567
28639
28673
28475
28481
28474
28473
28452
28450
28448
28468
28445
28444
28442
28455
28434
28395
28394
28424
28388
28464
339398
170575
646189
100271012
128770
79037
440307
100419964
729046
644029
768206
399942
401562
730005
100188893
644924
401247
285830
399715
100506688
400123
285780
442164
100289319
100130449
100996944
139748
56903
100419610
100420214
100271098
442167
100131761
53822
3542
414236
28773
105374219
378881
728819
10715
254099
105373878
110806285
100421324
107075264
100861514
285954
100506457
124905349
100271008
28392
100506115
3116
100873917
127379729
401109
339685
6163
387494
192133
107985190
207107
101928371
101928233
151171
28870
112268293
100128385
100873245
100874243
253264
389634
100033398
105373984
100418921
285643
102216342
102725191
9834
645591
118421
4049
100271243
105378720
124902108
100128675
102724009
285758
100507308
100873212
127138860
100422411
107985688
101927692
101928869
729171
137196
285965
101929305
100128325
254312
101927745
105373853
100270940
102060414
285176
154860
104169671
106481722
107984948
105373869
101927686
107105282
100128899
81270
101928687
246285
101927422
286333
729582
104355297
115482691
101929074
100873899
1589
100873949
440732
100420200
100874399
111216275
102724699
101928304
9207
100874206
100421788
100133252
101927687
7124
100271044
101927560
100996318
103625683
6974
124904553
106480360
100506915
100506098
105372840
100420259
162083
101928461
54145
729004
100506385
730190
111082985
345643
103724390
101926907
441389
114614
344
101929374
100422737
359752
100996342
100507612
100129017
642559
100873933
100507582
101927661
100126791
100169851
100874390
100653489
342618
101928333
101929247
7955
100506897
100270879
101929532
28478
100129168
100130476
3117
150051
107075153
100289061
101929010
439949
442197
102723741
127138867
652968
106480926
54106
100506765
104413890
100885796
28477
106480488
23495
28942
106481837
106479495
100874246
101929335
28901
28914
100507098
28933
100270834
102723629
28930
28476
100874019
28883
100271105
28919
28299
105375355
106481148
100874237
100271247
100419069
28921
28913
79168
106480498
144571
100130231
101928100
100129931
339988
100233209
101927543
100420028
286189
102577424
125775243
400084
101929743
101929109
101926904
101929215
105374104
121232372
101927780
28878
100507377
106481732
646890
100421429
28893
100287592
441046
106481383
107057644
100421357
100127983
101929450
28939
101928058
100873891
101927862
28920
3499
101929415
100528019
54551
100129933
127138868
105369525
105369558
8843
255480
105375743
84983
105369723
101927901
101060038
373863
100506691
100996246
100288695
123466205
96626
102724421
256021
102724663
102724934
23601
101927267
147660
100419930
122592
6038
283587
100132612
105370623
102724380
100128939
100533496
128266842
109729174
101928988
107985879
100131315
101926895
283710
101929977
146429
106144584
105371251
115804232
644242
105371401
101927227
340393
102724907
728310
83482
119139906
100129781
101928766
100616116
100847051
100422896
100996758
503645
100616422
123466215
106480693
106481760
100616348
105371773
100422944
107985305
101928674
100128568
105372273
100505495
101928710
728485
100422497
400617
386758
112268243
100505812
11254
400550
645553
100421698
200298
728343
110806280
101927931
28439
100420254
441294
340307
118827814
6352
101929623
101927314
105375519
81356
101929657
3975
100499471
100996465
28916
645832
100132441
6351
6362
389610
400658
146850
6358
100419047
28902
338382
28401
100420833
101927815
6348
115409985
28755
102724488
105379487
102724859
144125
64881
102723169
731656
101928173
100506776
101243555
102060414
352990
400752
100033411
105221694
101929469
105377068
102724536
220074
112268208
116435296
105373429
101929796
124902114
107984270
101928373
124902301
124900848
102725068
105376387
105377663
101928357
100302522
124907871
80111
